export const DISPLAYP3_50_SRGB_50_ADAPTED = [
  [1.2249, -0.22494, 6.4142e-8],
  [-0.042057, 1.0421, 3.5723e-9],
  [-0.019638, -0.078636, 1.0983],
]

export const DISPLAYP3_50_SRGB_65_ADAPTED = [
  [1.299, -0.13881, 0.01588],
  [-0.046857, 1.0174, 0.0051878],
  [-0.021657, -0.080713, 0.8241],
]

export const DISPLAYP3_65_SRGB_50_ADAPTED = [
  [1.1547, -0.30817, -0.019232],
  [-0.037485, 1.0669, -0.0071778],
  [-0.017418, -0.075868, 1.4636],
]

export const SRGB_50_DISPLAYP3_50_ADAPTED = [
  [0.82246, 0.17754, -1.1584e-7],
  [0.033194, 0.96681, 6.1792e-8],
  [0.017083, 0.072397, 0.91052],
]

export const SRGB_50_XYZ_ADAPTED = [
  [0.4360413, 0.3851129, 0.1430458],
  [0.2224845, 0.7169051, 0.0606104],
  [0.0139202, 0.0970672, 0.7139126],
]

export const SRGB_65_XYZ_ADAPTED = [
  [0.4124564, 0.3575761, 0.1804375],
  [0.2126729, 0.7151522, 0.072175],
  [0.0193339, 0.119192, 0.9503041],
]

export const XYZ_SRGB_50_ADAPTED = [
  [3.1341864, -1.617209, -0.4906941],
  [-0.9787485, 1.9161301, 0.0334334],
  [0.0719639, -0.2289939, 1.4057537],
]

export const XYZ_SRGB_65_ADAPTED = [
  [3.2404542, -1.5371385, -0.4985314],
  [-0.969266, 1.8760108, 0.041556],
  [0.0556434, -0.2040259, 1.0572252],
]

export const DISPLAYP3_65_XYZ_ADAPTED = [
  [0.486571, 0.265668, 0.198217],
  [0.228975, 0.691739, 0.079287],
  [0.0, 0.045113, 1.043944],
]

export const DISPLAYP3_50_XYZ_ADAPTED = [
  [0.5151187, 0.2919778, 0.1571035],
  [0.2411892, 0.6922441, 0.0665668],
  [-0.0010505, 0.0418791, 0.7840713],
]

export const XYZ_DISPLAYP3_50_ADAPTED = [
  [2.403984, -0.9899069, -0.3976415],
  [-0.8422229, 1.7988437, 0.0160354],
  [0.0482059, -0.0974068, 1.2740049],
]

export const BRADFORD_D50_D65 = [
  [0.9555766, -0.0230393, 0.0631636],
  [-0.0282895, 1.0099416, 0.0210077],
  [0.0122982, -0.020483, 1.3299098],
]

export const BRADFORD_D65_D50 = [
  [1.0479298208405488, 0.022946793341019088, -0.05019222954313557],
  [0.029627815688159344, 0.990434484573249, -0.01707382502938514],
  [-0.009243058152591178, 0.015055144896577895, 0.7518742899580008],
]

export const CONVERSION_MATRIX = {
  DISPLAYP3: {
    D50: {
      SRGB: DISPLAYP3_50_SRGB_50_ADAPTED,
      XYZ: DISPLAYP3_50_XYZ_ADAPTED,
    },
    D65: {
      XYZ: DISPLAYP3_65_XYZ_ADAPTED,
    },
  },
  SRGB: {
    D50: {
      DISPLAYP3: SRGB_50_DISPLAYP3_50_ADAPTED,
      XYZ: SRGB_50_XYZ_ADAPTED,
    },
    D65: {
      XYZ: SRGB_65_XYZ_ADAPTED,
    },
  },
  XYZ: {
    D50: {
      DISPLAYP3: XYZ_DISPLAYP3_50_ADAPTED,
      SRGB: XYZ_SRGB_50_ADAPTED,
    },
    D65: {
      SRGB: XYZ_SRGB_65_ADAPTED,
    },
  },
  BRADFORD: {
    D50_D65: BRADFORD_D50_D65,
    D65_D50: BRADFORD_D65_D50,
  },
}
