export const DISPLAYP3_SRGB_ADAPTED = [
  [1.2249, -0.2247, 0],
  [-0.042, 1.0419, 0],
  [-0.0197, -0.0786, 1.0979],
]

export const SRGB_XYZ_ADAPTED = [
  [0.436, 0.385, 0.143],
  [0.222, 0.717, 0.061],
  [0.014, 0.097, 0.714],
]

export const XYZ_SRGB_ADAPTED = [
  [3.1341864, -1.617209, -0.4906941],
  [-0.9787485, 1.9161301, 0.0334334],
  [0.0719639, -0.2289939, 1.4057537],
]

export const P3 = [
  [0.5151, 0.292, 0.1571],
  [0.2412, 0.6922, 0.0666],
  [-0.0011, 0.0419, 0.7841],
]

export const P3_wide = [
  [0.5151187, 0.2919778, 0.1571035],
  [0.2411892, 0.6922441, 0.0665668],
  [-0.0010505, 0.0418791, 0.7840713],
]

export const p3_xyz_srgb_3 = [
  [1.2249, -0.22494, 6.4142e-8],
  [-0.042057, 1.0421, 3.5723e-9],
  [-0.019638, -0.078636, 1.0983],
]
